65.666666667
56.0
49.333333333
34.333333333
55.333333333
59.666666667
71.666666667
63.666666667
86.666666667
85.666666667
81.333333333
67.0
58.0
58.666666667
58.0
54.666666667
51.666666667
53.666666667
50.666666667
73.333333333
45.666666667
59.333333333
70.666666667
83.666666667
58.0
81.0
70.666666667
86.666666667
69.0
54.666666667
63.333333333
83.333333333
50.333333333
66.333333333
53.666666667
84.0
75.666666667
80.0
56.333333333
58.0
58.0
51.0
69.333333333
64.333333333
58.333333333
46.333333333
80.666666667
54.0
75.666666667
70.0
64.0
59.0
52.666666667
57.0
64.0
48.0
69.666666667
64.666666667
43.333333333
49.0
52.0
61.666666667
58.666666667
47.666666667
51.0
66.666666667
71.0
79.333333333
71.666666667
50.0
66.666666667
80.0
62.666666667
59.666666667
65.540540541 63.608108108 59.891891892